,場代負け,バラク・オマタ,ソギモギ皇帝,鳥谷タカシ,さかかきばら,ニートしたい,Toshi624,遊びたい,とぅーり王
場代負け,0.0,-1108.0,-1126.0,302.0,1164.0,230.0,-574.0,816.0,14.0
バラク・オマタ,1108.0,0.0,571.0,404.0,1251.0,-199.0,-1146.0,1542.0,252.0
ソギモギ皇帝,1126.0,-571.0,0.0,-190.0,466.0,-863.0,-394.0,1313.0,-197.0
鳥谷タカシ,-302.0,-404.0,190.0,0.0,-211.0,141.0,-526.0,139.0,67.0
さかかきばら,-1164.0,-1251.0,-466.0,211.0,0.0,87.0,-283.0,217.0,0.0
ニートしたい,-230.0,199.0,863.0,-141.0,-87.0,0.0,-737.0,100.0,0.0
Toshi624,574.0,1146.0,394.0,526.0,283.0,737.0,0.0,-11.0,473.0
遊びたい,-816.0,-1542.0,-1313.0,-139.0,-217.0,-100.0,11.0,0.0,0.0
とぅーり王,-14.0,-252.0,197.0,-67.0,0.0,0.0,-473.0,0.0,0.0
